%YAML:1.0
---
camera_matrix: !!opencv-matrix
   rows: 3
   cols: 3
   dt: d
   data: [ 1.2037786645985439e+03, 0., 3.6479745670021543e+02, 0.,
       1.2162603531378695e+03, 2.9055150944313539e+02, 0., 0., 1. ]
dist_coeff: !!opencv-matrix
   rows: 1
   cols: 5
   dt: d
   data: [ 3.1916596748540454e-01, -8.1961740063844815e+00,
       7.5874340607277697e-03, -1.3818533556112705e-02,
       6.6494732068642350e+01 ]
image_width: 800
image_height: 600
