%YAML:1.0
---
camera_matrix: !!opencv-matrix
   rows: 3
   cols: 3
   dt: d
   data: [ 1.2479517885246962e+03, 0., 2.7069041342291638e+02, 0.,
       1.2276953736641342e+03, 4.5555116722142782e+02, 0., 0., 1. ]
dist_coeff: !!opencv-matrix
   rows: 1
   cols: 5
   dt: d
   data: [ 1.1611103171455490e-02, 2.4796666891713526e-01,
       2.0273332975260044e-02, -2.6395463600872540e-02,
       -2.7589372148936825e-01 ]
image_width: 800
image_height: 600
